0 0.835090 0.689382 0.090305 0.084542
0 0.559059 0.775174 0.082117 0.124764
0 0.765852 0.602361 0.068687 0.075500
0 0.825617 0.553174 0.072453 0.071042
0 0.321563 0.420826 0.030250 0.029875
0 0.273438 0.409424 0.022609 0.020097
0 0.302160 0.405889 0.031164 0.023889
0 0.203625 0.398285 0.036969 0.029319
0 0.314840 0.478403 0.040633 0.042917
0 0.968387 0.727639 0.063227 0.088333
0 0.474445 0.467375 0.056922 0.043306
0 0.396699 0.429840 0.020930 0.020986
0 0.352063 0.438153 0.024984 0.019639
0 0.245195 0.468882 0.037844 0.045958
0 0.502848 0.649896 0.069930 0.107847
0 0.323359 0.515882 0.047531 0.090819
0 0.282715 0.652715 0.056102 0.099875
0 0.635797 0.485465 0.038500 0.040736
0 0.622199 0.454507 0.043086 0.030958
0 0.614410 0.505014 0.047664 0.054861
0 0.382852 0.480819 0.040453 0.048333
0 0.263164 0.546236 0.045094 0.056583
0 0.432332 0.946792 0.119570 0.106417
0 0.555629 0.460847 0.035242 0.038972
0 0.485961 0.466681 0.033984 0.043111
