0 0.447813 0.457743 0.046500 0.048264
0 0.440617 0.581764 0.052109 0.067083
0 0.353422 0.465382 0.048797 0.066292
0 0.279227 0.579271 0.102594 0.212708
0 0.342871 0.543014 0.040086 0.067778
0 0.298934 0.523333 0.123211 0.097694
0 0.286957 0.404125 0.023273 0.028000
0 0.430281 0.423604 0.031953 0.031236
0 0.595125 0.528715 0.048922 0.060597
0 0.722699 0.548438 0.064523 0.070153
0 0.243594 0.429076 0.038797 0.032458
0 0.255578 0.455854 0.033547 0.027597
0 0.324727 0.418326 0.028078 0.032875
0 0.839027 0.618604 0.091758 0.080875
0 0.499820 0.556868 0.065250 0.073042
0 0.532348 0.674667 0.070008 0.105194
0 0.491508 0.462472 0.038531 0.040222
0 0.834512 0.557840 0.082680 0.082736
0 0.519973 0.442667 0.041086 0.051528
0 0.626020 0.499549 0.052102 0.053181
