0 0.307414 0.529340 0.047016 0.072653
0 0.639145 0.561507 0.038602 0.050625
0 0.985582 0.636264 0.028383 0.087583
0 0.562383 0.490938 0.045875 0.050569
0 0.433664 0.898014 0.098312 0.192722
0 0.598930 0.644361 0.071734 0.095417
0 0.830715 0.612056 0.071617 0.062139
0 0.188102 0.398688 0.023578 0.030069
0 0.231668 0.400056 0.022039 0.022778
0 0.251398 0.405743 0.027172 0.032347
0 0.295094 0.467021 0.042797 0.051931
0 0.344168 0.491625 0.037414 0.047389
0 0.567254 0.447660 0.041258 0.036903
0 0.853082 0.942514 0.107055 0.108250
0 0.273965 0.839493 0.085648 0.135764
0 0.874926 0.697778 0.079148 0.081972
0 0.507133 0.464465 0.040359 0.037986
0 0.423809 0.421687 0.037070 0.034153
0 0.668086 0.521965 0.043828 0.044931
0 0.340457 0.421069 0.031586 0.039028
0 0.382117 0.624201 0.050766 0.077236
0 0.239656 0.521167 0.040266 0.063167
