0 0.718422 0.604090 0.064609 0.080347
0 0.528711 0.726479 0.068359 0.103097
0 0.250434 0.398340 0.023227 0.018458
0 0.214688 0.401875 0.028719 0.013583
0 0.479582 0.437451 0.036664 0.033681
0 0.613719 0.476444 0.036594 0.034639
0 0.306184 0.413299 0.020102 0.019597
0 0.409152 0.435271 0.033305 0.027153
0 0.374633 0.441250 0.032078 0.028250
0 0.815359 0.918847 0.149531 0.162306
0 0.433086 0.941653 0.128281 0.116694
0 0.256867 0.547847 0.045906 0.050472
0 0.265145 0.482229 0.038805 0.057208
0 0.345301 0.490951 0.043695 0.060292
0 0.453762 0.521903 0.046133 0.055944
0 0.780055 0.427403 0.037609 0.046167
0 0.575605 0.480167 0.052039 0.051056
0 0.482926 0.471910 0.041492 0.029542
0 0.386320 0.626479 0.060344 0.094069
0 0.591023 0.523118 0.037328 0.045514
0 0.456922 0.587201 0.055906 0.070347
0 0.276934 0.604681 0.046836 0.076667
0 0.785410 0.561993 0.099039 0.095264
0 0.850078 0.562396 0.061766 0.079153
