0 0.223340 0.424417 0.035117 0.026361
0 0.437121 0.444111 0.031711 0.033639
0 0.347207 0.434236 0.032539 0.028472
0 0.427676 0.500799 0.045445 0.054514
0 0.367172 0.511500 0.052563 0.068139
0 0.240484 0.466326 0.041906 0.049708
0 0.502387 0.554028 0.049195 0.056472
0 0.267316 0.539250 0.040164 0.069194
0 0.620637 0.550562 0.052273 0.055542
0 0.866848 0.720812 0.096039 0.097514
0 0.659371 0.514181 0.059820 0.047861
0 0.396125 0.691528 0.059344 0.093444
0 0.745027 0.559569 0.055695 0.054778
0 0.779273 0.545604 0.044672 0.039958
0 0.227262 0.470313 0.069102 0.060264
0 0.289469 0.501903 0.037484 0.041806
0 0.560852 0.510090 0.048672 0.048569
0 0.735117 0.626278 0.066672 0.069083
