0 0.396703 0.449458 0.031437 0.034194
0 0.768801 0.568944 0.067367 0.067306
0 0.608117 0.889674 0.110719 0.182292
0 0.275813 0.707993 0.062688 0.101264
0 0.271941 0.832722 0.080508 0.161889
0 0.686523 0.742688 0.090188 0.116347
0 0.497332 0.481389 0.042758 0.038750
0 0.462691 0.949444 0.114289 0.095083
0 0.326355 0.416861 0.034852 0.035861
0 0.538367 0.471201 0.017859 0.025181
0 0.762918 0.409319 0.037430 0.050444
0 0.965617 0.707667 0.064375 0.065278
0 0.635223 0.557438 0.058961 0.051931
0 0.772852 0.652861 0.078312 0.090583
0 0.814422 0.519597 0.059906 0.057917
0 0.306742 0.469549 0.038500 0.047264
0 0.273898 0.488556 0.038797 0.046167
0 0.239984 0.534188 0.033906 0.052681
0 0.426371 0.434514 0.035711 0.036944
0 0.479289 0.613132 0.065781 0.100958
0 0.377543 0.618181 0.058211 0.094222
