0 0.388523 0.636944 0.079500 0.186778
0 0.432297 0.509062 0.047797 0.060569
0 0.399406 0.416938 0.034078 0.032819
0 0.289141 0.436285 0.041641 0.039542
0 0.261457 0.472889 0.032648 0.062250
0 0.372434 0.474153 0.036914 0.041222
0 0.333816 0.486021 0.042555 0.046042
0 0.322051 0.417250 0.041477 0.034167
0 0.913605 0.577306 0.082945 0.086500
0 0.251699 0.551090 0.041086 0.049458
0 0.292254 0.506646 0.039008 0.062097
0 0.328020 0.541375 0.038570 0.062972
0 0.508844 0.566375 0.054641 0.063167
0 0.897281 0.460250 0.070922 0.064389
0 0.301063 0.596229 0.042797 0.074347
0 0.544289 0.733528 0.073797 0.110306
0 0.748547 0.577972 0.070609 0.064361
0 0.737738 0.492535 0.051555 0.051847
0 0.293238 0.778486 0.072430 0.150000
