0 0.811191 0.676153 0.085023 0.082917
0 0.676910 0.580743 0.062211 0.066819
0 0.522504 0.693181 0.066523 0.116250
0 0.682719 0.721694 0.086203 0.128083
0 0.929129 0.608486 0.083602 0.075306
0 0.663152 0.476292 0.043758 0.030861
0 0.840418 0.959729 0.047195 0.068264
0 0.282738 0.782111 0.078508 0.169556
0 0.936516 0.692208 0.085641 0.076556
0 0.979398 0.580125 0.041125 0.071694
0 0.447281 0.573403 0.053781 0.065833
0 0.610254 0.474090 0.050336 0.051625
0 0.596523 0.529813 0.038641 0.048931
0 0.397578 0.657521 0.069687 0.137236
0 0.548008 0.583187 0.070516 0.100125
0 0.499023 0.482646 0.039750 0.050486
0 0.445074 0.464979 0.034070 0.045431
0 0.467555 0.422493 0.044953 0.046264
0 0.533332 0.435535 0.040227 0.038708
0 0.331734 0.548271 0.045906 0.062264
0 0.286539 0.628194 0.048266 0.070667
0 0.275414 0.589917 0.041172 0.053000
0 0.235426 0.523451 0.038805 0.049625
0 0.338594 0.493583 0.039750 0.050472
0 0.393492 0.441000 0.026500 0.037861
0 0.376574 0.423250 0.022445 0.020194
0 0.313996 0.416910 0.030367 0.027236
0 0.263918 0.411014 0.025633 0.024889
0 0.263031 0.446639 0.037422 0.035361
0 0.238793 0.465625 0.029617 0.043472
0 0.214629 0.435764 0.033742 0.031944
0 0.201742 0.475576 0.035953 0.045569
