0 0.372301 0.509674 0.045148 0.049292
0 0.321730 0.477986 0.040664 0.041306
0 0.276711 0.490660 0.040406 0.040375
0 0.342594 0.431042 0.023766 0.025361
0 0.387617 0.431986 0.026672 0.032861
0 0.363320 0.411090 0.030891 0.022069
0 0.295699 0.424153 0.034367 0.033528
0 0.283117 0.402285 0.027109 0.025931
0 0.955594 0.604542 0.060469 0.071000
0 0.258871 0.546056 0.041852 0.098833
0 0.565293 0.478840 0.051898 0.052153
0 0.682031 0.497563 0.052500 0.052875
0 0.800590 0.506889 0.063258 0.047667
0 0.778430 0.655236 0.084578 0.071583
0 0.332496 0.536979 0.043039 0.062375
0 0.301055 0.650069 0.051656 0.093056
0 0.424316 0.566549 0.052336 0.080403
0 0.821996 0.559021 0.068773 0.055764
0 0.709703 0.551840 0.060687 0.062014
0 0.248934 0.402549 0.026523 0.030125
0 0.572859 0.524618 0.055547 0.049236
0 0.623391 0.873187 0.118312 0.185097
