0 0.778332 0.642958 0.087617 0.117111
0 0.476270 0.632667 0.059898 0.081889
0 0.700043 0.537701 0.057023 0.058625
0 0.736105 0.518403 0.052773 0.050639
0 0.285625 0.625569 0.053938 0.103528
0 0.616543 0.497646 0.051570 0.059653
0 0.842543 0.615944 0.072773 0.069472
0 0.262273 0.898542 0.121719 0.191667
0 0.552844 0.472118 0.052297 0.055625
0 0.292566 0.503799 0.040148 0.049764
0 0.623305 0.679708 0.078016 0.101861
0 0.438078 0.582187 0.048578 0.062819
0 0.205137 0.473785 0.026133 0.029681
0 0.338211 0.525931 0.062266 0.090028
0 0.990824 0.642319 0.018023 0.057972
0 0.544109 0.583375 0.056031 0.079250
0 0.462715 0.521931 0.056039 0.071250
0 0.379680 0.514660 0.046234 0.062542
0 0.321195 0.448125 0.039672 0.044361
0 0.464352 0.452493 0.036406 0.035625
0 0.514047 0.433944 0.043359 0.042167
0 0.403203 0.445944 0.031906 0.031278
0 0.662109 0.466306 0.041719 0.041444
0 0.231727 0.469014 0.029672 0.035306
0 0.274453 0.461431 0.033875 0.033722
0 0.271145 0.435396 0.032852 0.025125
0 0.237777 0.439583 0.031836 0.027611
0 0.296422 0.404375 0.023047 0.019694
0 0.337742 0.419090 0.029797 0.018792
0 0.371297 0.442979 0.023047 0.023542
0 0.226379 0.407319 0.022539 0.021056
0 0.252488 0.401319 0.025086 0.024444
